epoch: 0 loss: 19.8400479012 acc: 0.526141257517 val_loss: 5.28120949906 val_acc: 0.521882749928 val_map:0.6119
epoch: 1 loss: 3.43812726323 acc: 0.536050265978 val_loss: 2.23507919428 val_acc: 0.554087498801 val_map:0.6020
